15.000000	15.000000	15.884184	15.956373	16.872842	15.454177	17.086659	14.454911	16.296892	13.504354	17.256394	12.515330	18.224866	11.519347	19.192821	10.523260	20.160567	9.527129	21.128151	8.530961	22.095621	7.534766	23.070367	6.539511	24.016548	5.540948	24.978876	4.543947	24.471636	3.804713	25.432874	4.097523	26.432833	3.647156	27.416333	2.649103	28.403016	1.663469	29.387398	0.674717	30.371915	-0.313875	
15.000000	15.000000	15.920969	15.945732	16.459949	15.212527	16.969142	15.288313	17.836167	16.059786	16.851329	17.045713	15.853777	18.045474	15.487541	19.044535	15.121305	20.043597	14.755070	21.042659	14.388834	22.041720	14.022598	23.040782	13.656363	24.039843	13.290127	25.038905	12.923891	26.037966	12.557656	27.037028	12.191420	28.036089	11.914494	27.352519	12.200800	28.310346	12.459159	29.245683	11.489674	30.217874	
15.000000	15.000000	15.988511	14.058271	15.021891	13.218581	15.933769	12.264254	16.933653	12.029513	17.933443	11.064408	18.933227	10.100310	19.932413	9.129025	20.931587	8.157624	21.930748	7.186128	22.929897	6.214555	23.929037	5.242928	24.906038	4.264207	25.900676	5.252511	26.783454	4.252711	27.783448	3.604792	28.559159	2.608932	29.559046	1.884186	30.558765	1.327990	31.558482	0.769709	32.558172	0.184945	
15.000000	15.000000	15.999997	14.000050	16.999997	13.000056	17.999997	12.000062	18.999995	11.000066	19.999994	10.000071	20.999992	9.000077	21.999990	8.000083	22.999989	7.000089	23.999987	6.000095	24.999985	5.000101	24.139396	4.007397	23.205577	5.007230	24.205574	4.008747	25.205569	3.010141	26.205568	2.010145	27.204574	1.296530	28.204573	0.296536	29.203579	-0.384743	30.203577	-1.384737	31.202543	-2.101182	
15.000000	15.000000	14.244724	14.006931	14.385809	13.027877	13.389995	12.564505	12.415898	11.635789	11.423115	11.009411	10.430340	10.384636	9.437566	9.759088	8.444875	9.147634	7.452164	8.531540	6.478422	7.620301	5.504896	6.711477	5.672304	5.753545	4.680914	5.249432	3.681020	4.251231	3.985445	3.314756	3.101730	2.766327	2.218016	2.217898	1.334301	1.669468	0.450586	1.121039	-0.433129	0.572610	
15.000000	15.000000	14.000090	14.003360	13.000175	13.762215	12.000358	13.588770	11.016562	12.956583	10.032478	12.311558	9.048241	11.658985	8.064014	11.006861	7.079814	10.356176	6.095630	9.706279	5.110353	8.982180	4.124960	8.247228	3.124998	7.252362	2.125532	6.362584	3.125472	7.337741	2.125699	6.393377	3.125646	7.293223	2.126077	6.387268	3.126017	7.362667	2.126237	6.417136	3.126177	7.392641	
15.000000	15.000000	15.973992	14.023469	16.971923	14.263388	17.968690	15.243785	18.953669	14.267837	19.936444	13.299567	20.920626	12.329999	21.915524	11.333101	22.910407	10.336191	23.905274	9.339269	24.900125	8.342335	25.894959	7.345390	26.735857	7.952243	25.762492	6.966266	26.754763	7.965102	25.781472	6.979171	26.775687	7.965547	25.802363	6.979595	26.761095	6.887010	27.697162	6.880191	28.095175	7.869730	
15.000000	15.000000	15.999945	15.542317	16.994282	14.569360	17.990213	13.574608	18.985950	12.580546	19.981698	11.589627	20.977449	10.598787	21.973203	9.608014	22.968958	8.617259	23.964714	7.626522	24.960470	6.635804	25.936915	5.640926	26.916992	4.645450	27.916141	5.297408	28.908956	4.377124	29.906156	3.420661	30.903191	2.615968	31.900209	1.819863	32.897226	1.023686	33.894242	0.228092	34.891255	-0.566108	
15.000000	15.000000	14.002610	14.762893	14.826373	13.767744	14.312168	12.789964	13.506540	13.577726	12.939522	12.582152	11.998046	11.898199	11.013958	10.899514	10.077776	10.286527	9.101393	9.287516	8.138383	8.389340	7.175035	7.488828	6.211409	6.586425	5.353480	5.586971	4.792066	5.845144	5.676139	6.842265	5.566513	5.848113	4.573785	6.825543	5.418297	7.823764	4.446930	6.876822	4.805013	5.977291	
15.000000	15.000000	14.381274	14.029054	15.381274	15.029038	16.381267	16.026069	17.341435	17.010958	18.302982	17.997729	19.302950	18.997557	20.302891	19.997254	21.302833	20.996951	22.302774	21.996649	23.302716	22.996346	24.302657	23.996043	25.287063	24.987308	26.262790	25.966602	27.236681	26.960853	28.236622	27.960550	29.236564	28.960248	30.236505	29.959945	31.236447	30.959642	32.236388	31.959339	33.236330	32.959037	

15.000000	15.000000	15.985567	14.006707	16.984873	13.525961	17.950385	14.109635	18.802893	14.160737	19.622178	14.174045	20.429779	14.134044	20.271038	13.260802	21.173402	12.461930	20.730504	11.463459	19.800353	10.530536	20.555456	9.652874	21.229169	8.776672	22.176169	8.234960	22.607422	7.269016	23.547796	7.043056	24.485228	6.384349	25.459881	5.385320	26.448545	4.385862	26.132118	3.395525	26.975957	2.453410	
15.000000	15.000000	14.130678	14.000156	15.078914	13.299461	14.096864	12.303998	13.106665	11.325114	12.110507	10.632966	11.110630	11.285205	10.110655	12.280810	9.110768	13.234175	8.110882	13.917760	7.110922	14.841492	6.110934	15.833682	5.110947	16.825871	4.110959	17.818061	3.110971	18.810250	2.110983	19.802440	1.110995	20.794629	0.111008	21.786819	-0.888980	22.779009	-1.888968	23.771198	-2.888956	24.763388	
15.000000	15.000000	14.615702	14.037003	13.885638	14.083578	14.406641	13.083869	15.360598	12.084550	16.251923	11.085049	17.110789	10.085515	17.990282	9.086099	18.849356	8.086646	19.691995	7.087173	20.528490	6.087690	20.814965	5.091538	21.026326	4.095267	21.956802	3.096095	22.030316	2.099788	22.972740	1.100316	23.566704	0.104563	24.548492	-0.893555	25.425903	-1.889014	26.303313	-2.884473	27.180723	-3.879932	
15.000000	15.000000	15.982982	14.234741	16.791544	14.386039	17.791431	13.541208	17.271610	12.541213	18.262411	11.587031	19.161635	10.587398	19.951084	9.653919	20.892472	8.656871	21.824098	7.659920	22.755140	6.662934	23.671566	5.666273	22.717910	4.666758	22.842652	3.674270	21.843342	2.675227	22.843259	3.628792	23.671980	2.638602	22.685544	1.638644	23.534970	0.646272	22.623717	-0.352530	21.673134	-1.352010	
15.000000	15.000000	14.025101	14.025696	15.024390	14.895841	14.245969	15.818663	15.245630	16.786634	15.959213	17.784052	16.949982	18.783436	17.940751	19.782821	18.931520	20.782205	19.922289	21.781590	20.913058	22.780975	21.903828	23.780359	22.894597	24.779744	23.885366	25.779129	24.876135	26.778513	25.866904	27.777898	26.857673	28.777283	27.848442	29.776667	28.839212	30.776052	29.829981	31.775437	30.820750	32.774821	
15.000000	15.000000	14.057432	15.485060	13.959073	15.686165	14.957435	14.730134	15.953758	13.807072	16.952717	12.853223	17.952001	11.918061	18.951533	11.192648	19.949263	10.527148	20.947951	9.587576	21.944258	9.003760	22.937514	9.143100	23.933233	8.380370	24.931843	7.413995	23.960473	6.580701	24.955672	6.551303	25.820147	7.481464	25.089347	6.949459	24.832481	7.937735	23.864481	7.102139	24.863106	6.405935	
15.000000	15.000000	14.084640	15.386449	13.086369	15.004015	12.383182	15.898076	12.561386	15.416251	11.917046	14.481930	11.272707	13.547609	11.315681	12.853544	10.315796	11.861654	9.638337	11.339772	8.935574	10.720602	8.291235	9.786281	7.646895	8.851959	7.002556	7.917638	6.358217	6.983317	5.713877	6.048996	6.677117	6.709396	6.032778	5.775075	5.388439	4.840753	6.351526	5.499816	5.707187	4.565495	
15.000000	15.000000	14.628584	15.052550	15.627965	15.327872	16.609830	16.208343	17.001158	15.209640	17.728928	14.256409	18.625334	13.271080	19.524069	12.283462	20.480711	11.283495	21.448004	10.283542	21.817816	9.283545	22.367813	8.654508	21.568392	7.711501	21.926649	6.712728	22.864178	6.562798	23.838883	6.635822	24.557330	5.637094	25.557227	6.440629	26.509747	7.440454	25.558818	6.446018	24.783242	7.293207	
15.000000	15.000000	14.252480	14.006961	15.236486	13.007727	15.320964	12.048936	14.368611	11.312896	15.354647	10.313790	14.586928	9.338089	15.584873	8.338089	16.567838	7.438537	17.550911	6.555674	18.531125	5.676384	19.505522	4.791459	19.093171	3.795815	20.091667	2.799149	19.091667	2.385686	18.091681	2.697736	19.062038	3.679976	20.060626	2.682932	19.060627	2.147946	18.060633	2.567740	19.030190	3.551901	
15.000000	15.000000	14.025886	14.182887	13.033925	13.189069	13.095514	12.190685	13.676979	12.288275	13.766332	11.291124	13.556879	10.333982	14.550605	9.424752	15.548869	8.978387	16.547437	8.582549	17.546169	8.221241	18.544989	7.882744	19.384551	6.922072	19.960782	6.207198	20.710481	5.231654	21.003400	4.267745	21.735786	3.290436	22.204834	2.299928	22.554510	1.306569	22.954789	2.179997	23.781984	1.216409	

15.000000	15.000000	15.687173	15.970635	16.676312	14.970637	17.640097	13.970657	18.604487	12.970672	19.556050	11.970681	20.507808	10.970690	21.459714	9.970698	22.411731	8.970707	23.363600	7.970716	24.315151	6.970725	25.302104	5.977014	25.898480	4.977303	25.056920	5.977303	26.047725	4.990629	25.222487	5.990628	26.027849	4.997319	25.231990	5.997319	26.227034	5.117539	25.389040	6.117539	26.347110	6.922342	
15.000000	15.000000	15.545372	14.035058	14.672179	13.072021	15.659939	12.072799	15.046463	11.073234	16.015447	10.073272	16.561959	9.073287	17.527722	8.074187	18.527306	7.077067	19.526890	6.079948	20.526473	5.082829	21.526057	4.085709	22.526053	3.604153	23.526050	3.177440	24.526045	2.668729	25.526043	2.626219	26.526039	2.058647	27.084993	1.058662	28.065127	0.059044	29.064711	-0.938076	30.064295	-1.935195	
15.000000	15.000000	14.007059	15.998715	14.906377	16.998699	15.830372	16.149838	16.621378	17.079733	15.621649	16.572267	14.627155	15.640770	13.627323	14.944800	12.627477	14.215803	11.632490	13.277869	10.632611	12.612684	9.751894	11.897286	8.871178	11.181887	9.767469	10.250564	8.775267	11.103402	7.880266	11.447919	6.880661	11.113269	5.888755	10.214032	4.889096	9.809272	3.889225	8.809699	2.889349	7.810282	
15.000000	15.000000	15.193991	15.978315	15.132015	14.978571	14.997748	13.978868	14.378767	12.979040	14.246172	11.980208	13.622799	12.485539	12.656791	12.042483	11.683400	11.135867	11.182709	12.109768	10.240760	13.104599	9.240983	12.121983	8.288743	11.264816	7.763017	10.265746	7.330069	9.268461	6.940214	8.273048	6.191585	7.282385	5.209650	6.326236	4.689413	6.748065	3.710614	5.830723	3.182155	6.586130	
15.000000	15.000000	15.998047	14.057259	16.871395	13.088430	15.964361	13.887681	14.965787	13.677060	13.967885	12.694255	13.002166	11.811172	12.003760	10.828884	11.005402	9.840771	10.023860	9.414181	9.062843	8.963276	8.915882	8.993087	9.435713	9.877737	8.437053	9.226232	7.440099	8.232163	6.441327	7.655011	5.449164	7.728571	4.582826	7.075118	5.514758	8.072559	4.516329	7.084255	5.414660	8.084144	
15.000000	15.000000	14.001864	14.005121	13.001864	13.005159	12.001864	12.007330	11.002679	12.824449	10.003779	12.038955	9.004479	12.802295	8.005180	13.565634	7.005880	14.328973	6.006580	15.092313	5.007280	15.855652	4.007980	16.618992	3.008681	17.382331	2.009381	18.145671	1.010081	18.909010	0.010781	19.672349	-0.988518	20.435689	-1.987818	21.199028	-2.987118	21.962368	-3.986418	22.725707	-4.985717	23.489047	
15.000000	15.000000	14.000005	15.478046	13.000007	15.550053	12.000115	14.866457	12.999367	14.250857	12.001892	14.519414	12.934407	13.537786	11.980686	12.547835	10.982812	13.546838	10.042493	13.458635	9.923081	12.464544	8.981570	11.475936	7.981638	11.552718	6.986972	10.574907	6.100267	9.584536	6.649279	10.221910	5.715206	11.221607	6.515066	11.947235	7.501263	12.024962	8.500789	11.243005	9.500315	10.461049	
15.000000	15.000000	14.012650	14.000517	14.148089	13.393018	15.147918	14.392405	16.125209	15.101072	17.125199	16.004362	18.058843	15.035453	19.028467	14.085494	19.998092	13.135536	20.967716	12.185577	21.937341	11.235618	22.873067	10.266846	23.873037	11.242027	24.810576	10.243095	25.547184	9.298858	26.313638	8.351560	27.267162	7.360869	26.267357	7.451349	27.267182	8.449630	26.377106	7.449731	25.378973	6.449858	
15.000000	15.000000	15.830903	14.532445	15.207617	15.164549	15.409656	14.218427	16.384344	13.238724	17.381829	12.318383	18.381710	11.435196	19.381593	10.549904	20.381400	9.771786	21.381212	9.010119	22.379466	9.582868	23.378658	10.573276	23.860564	11.568297	24.859140	12.563882	25.859025	12.172457	26.858203	11.307250	27.858117	10.886042	28.858031	10.464833	29.857945	10.043625	30.857859	9.622416	31.857773	9.201208	
15.000000	15.000000	15.955120	15.195987	16.948636	14.196073	17.948092	13.196804	18.943877	12.199442	19.888900	11.199446	20.833759	10.199449	21.778622	9.199452	22.723537	8.199456	23.669110	7.199459	24.615541	6.199462	23.684589	5.201017	24.654465	4.201018	25.653472	4.602435	26.375500	4.879361	27.171063	5.038401	27.296138	4.292701	26.296138	3.508673	25.348844	2.545167	26.331480	1.545618	27.318955	0.545619	

15.000000	15.000000	15.997123	14.000008	16.995223	13.000023	17.995170	12.002845	18.995153	11.030626	19.995137	10.058472	20.995120	9.086136	21.995082	8.166975	22.995043	7.248359	23.995001	6.334319	24.994954	5.425180	25.994953	5.659715	26.994953	5.952978	27.994953	6.243882	28.977024	7.143914	29.959177	7.953887	30.958571	6.981027	31.927058	6.341380	32.895545	5.701733	33.864033	5.062086	34.832520	4.422438	
15.000000	15.000000	14.461419	15.971506	13.510693	16.968461	13.271837	16.181998	12.713812	16.030742	11.732513	15.110173	10.769913	14.422120	9.922879	14.207673	8.965564	13.869687	8.009547	13.729567	7.053404	13.556575	6.078806	12.614383	5.117985	11.691480	4.156581	10.767623	3.196720	9.846311	2.247091	8.943049	1.274095	8.454331	0.274137	7.479250	-0.725818	6.502263	-1.718889	5.559510	-2.711960	4.616757	
15.000000	15.000000	14.032243	15.999661	15.030371	15.008783	16.028721	14.016749	17.027873	13.025315	18.027807	12.131384	19.027803	11.705469	20.027800	11.306445	21.027796	10.915171	22.027792	10.511797	23.027789	10.090866	24.027785	9.697516	25.027775	8.788197	26.027771	8.477749	26.845626	8.753708	27.558612	9.682545	28.558609	9.285303	29.558594	8.486904	30.558580	7.746467	31.558566	7.882974	32.558551	8.019481	
15.000000	15.000000	14.000614	14.001323	14.019824	14.780640	13.249732	14.504781	12.631586	13.570336	11.787507	12.632721	10.811398	11.669223	9.982834	11.753795	9.038155	11.989202	8.043361	11.777065	7.044636	10.788172	6.044874	9.815424	5.049877	8.824218	4.054851	7.832997	5.032641	6.833154	5.922130	5.836121	4.922134	5.331985	3.922298	4.333039	2.922916	3.893873	1.923215	3.506411	2.664699	2.511028	
15.000000	15.000000	15.615346	14.021132	14.749790	15.017351	15.394947	16.015410	15.994583	16.414693	16.994525	15.428413	17.994511	14.446623	18.994460	13.459229	19.994405	12.472300	20.994346	11.486175	21.991202	10.632192	22.982539	9.983278	23.910588	10.545699	24.910531	9.559178	25.908474	8.661400	25.747352	9.324575	26.746326	8.382783	26.754028	9.104167	25.852259	8.167361	25.346450	8.353269	26.320641	7.909066	
15.000000	15.000000	15.487077	14.003506	14.637005	13.085140	13.637029	12.657386	12.637191	12.352563	11.687114	11.792594	10.687423	11.708572	9.697016	10.743909	8.697339	10.680990	7.699011	10.459981	6.706774	10.259352	5.708057	10.307093	4.839223	9.343882	4.001407	8.628669	3.018791	9.187043	3.633142	8.191845	2.633326	8.986180	1.633900	8.012982	2.633830	7.802932	1.635072	6.819753	0.637677	5.841814	
15.000000	15.000000	14.229746	14.892186	15.229744	13.892434	16.229722	12.892476	17.226042	11.892496	18.213479	10.893427	19.198795	9.895374	20.168127	8.950858	21.115959	8.327780	22.052888	7.842054	22.221704	6.842054	21.221873	7.828794	20.221912	7.360296	19.222082	8.347036	18.222251	9.333775	17.222421	10.320515	16.222590	11.307255	15.222759	12.293994	14.222929	13.280734	13.223098	14.267474	12.223268	15.254213	
15.000000	15.000000	15.880512	15.999263	14.954024	15.003116	15.394098	14.003238	14.411658	13.003370	13.794145	12.174963	12.875805	11.175162	11.959592	10.175367	11.049333	9.175594	10.145728	8.175845	10.084879	7.178904	9.208822	6.179266	9.096037	5.182966	8.200342	4.183248	8.395651	5.054098	8.369223	4.060092	8.342795	3.066087	8.374371	2.644046	9.193448	2.420306	9.703387	3.051038	9.524126	2.055015	
15.000000	15.000000	14.225990	14.007272	13.227172	13.007334	12.232398	12.007407	11.235308	11.007593	10.238427	10.007889	9.895469	9.181347	9.390325	8.312415	9.055565	7.487887	8.949733	6.570675	8.879911	5.630011	8.810987	4.687366	8.701381	3.719973	8.582600	2.750705	7.584752	1.750935	8.432744	0.870898	9.288404	0.437335	10.287473	1.064336	9.292467	0.065670	10.289391	-0.685107	11.289390	0.259346	
15.000000	15.000000	14.040096	15.268039	14.832662	14.320022	15.213674	15.318847	14.239096	15.576998	13.637990	16.296304	12.724516	17.188743	11.913232	17.537460	11.101948	17.886178	10.290663	18.234895	9.479379	18.583613	8.668094	18.932330	7.856810	19.281047	7.045526	19.629765	6.234241	19.978482	5.422957	20.327200	4.611672	20.675917	3.800388	21.024634	2.813441	21.209272	1.813461	22.100797	0.813478	23.035427	

15.000000	15.000000	15.999994	15.851640	16.997450	14.851669	17.991898	13.851669	18.990492	13.086603	19.986257	12.086607	20.986234	12.991033	21.976950	12.079527	22.973013	11.079639	23.961842	10.121148	24.950670	9.162656	25.939498	8.204164	25.011885	9.164172	26.011834	9.910290	27.010382	9.665916	28.005060	8.678924	27.005537	9.663586	28.000210	8.675474	27.000707	9.659623	27.999255	9.415248	28.991068	8.531131	
15.000000	15.000000	15.990201	14.059238	16.962577	14.443305	17.962258	13.885297	18.960788	12.934150	19.949956	12.393491	20.920474	11.413763	21.892777	11.202238	22.808914	11.144121	23.779432	10.164393	24.721407	9.172923	25.663382	8.181452	26.572673	7.192635	27.492398	6.328057	26.496665	7.282951	27.415712	6.417732	26.420668	7.393155	27.339063	6.526115	28.326922	6.386681	27.334271	7.365123	28.322130	7.228060	
15.000000	15.000000	15.953925	14.002442	15.063822	13.105674	14.065407	12.118832	13.070396	11.447459	12.074878	10.967412	11.076061	11.181273	10.100800	10.457948	9.102263	10.636100	8.105712	11.232469	7.109004	11.771712	6.110513	11.090325	5.111290	10.117788	4.112067	9.145326	3.112849	8.172477	2.550288	7.668429	2.202604	8.640862	1.204461	7.645524	0.206466	6.649745	-0.791728	5.654617	-1.790552	6.017312	
15.000000	15.000000	14.003075	15.987583	13.015471	15.337664	12.551341	15.814402	11.579799	14.884144	12.535629	13.923103	11.536247	13.531824	11.934180	12.596971	10.955375	11.873786	9.986957	10.942498	9.008015	10.015381	8.029219	9.150958	7.034182	8.262097	6.038964	7.379649	5.043732	6.497812	4.694645	5.591023	4.350696	4.647683	5.333837	4.783392	4.994655	3.838757	4.045193	2.903086	3.098355	1.966966	
15.000000	15.000000	14.001280	14.082705	13.163685	13.088775	12.175939	12.736126	11.204286	11.738721	10.205924	10.835233	9.210489	10.028642	8.217106	9.280515	7.223932	8.537959	8.014270	7.863489	7.776053	8.689542	6.968834	9.417943	6.110123	8.420597	5.111708	7.574633	4.137288	6.589303	3.323020	5.724723	3.775675	5.353170	2.948530	4.481685	2.331837	3.613777	1.334509	2.613792	0.345676	1.974400	
15.000000	15.000000	14.361615	14.009205	13.986881	13.009223	13.980914	12.009610	13.043108	11.131359	13.329024	10.140904	14.324879	9.973526	15.253813	9.159943	16.253010	8.729822	17.252256	7.882080	17.645411	6.979986	18.496955	6.004912	19.039493	5.011041	19.582031	4.017171	20.408033	3.035758	19.751866	4.022407	20.751725	4.069136	21.624386	4.433372	22.561317	3.446686	23.531810	4.365022	24.502304	5.283358	
15.000000	15.000000	14.919758	14.015070	14.361533	14.265683	13.612017	13.954724	14.078854	13.006673	14.566040	12.064335	15.209333	11.112313	15.827677	10.205934	16.432547	9.294988	17.016253	8.376318	16.989419	7.469965	17.808434	6.476649	18.320992	5.496770	18.827557	4.516273	19.344344	3.536938	19.682081	2.837191	18.887118	3.288270	18.989352	3.655333	19.625465	2.674514	19.027464	2.627158	18.469484	3.414507	
15.000000	15.000000	15.409360	15.671161	16.381169	14.692367	17.363698	15.552351	16.572241	14.562595	17.341901	14.610368	16.426615	15.592580	15.444795	16.586143	14.461654	17.579984	13.462000	18.578515	12.462346	19.577046	11.462691	20.575577	10.463037	21.574108	9.463383	22.572639	8.463728	23.571170	7.464074	24.569700	6.464420	25.568231	5.464765	26.566762	4.465111	27.565293	3.465457	28.563824	2.465802	29.562355	
15.000000	15.000000	15.945216	14.718321	16.109697	13.721619	15.191671	12.818874	15.874009	11.825284	16.264267	10.856690	16.849133	9.939998	17.276246	8.970950	17.687864	8.005706	18.089713	7.050290	18.483918	6.121243	18.880988	5.179983	19.269298	4.273605	20.142275	3.274903	19.153206	2.275092	18.164344	1.765862	19.163444	1.280615	20.162467	1.958589	19.163389	0.958600	20.162575	0.689199	19.163500	-0.310790	
15.000000	15.000000	14.011469	14.000615	14.591422	13.802566	15.590329	14.779911	16.579014	14.950463	17.578418	15.949351	18.577862	16.946698	18.032707	15.980848	17.490517	15.015651	17.348334	14.215649	17.206151	13.415647	17.063968	12.615646	16.921786	11.815644	16.779603	11.015642	16.637420	10.215641	16.495237	9.415639	16.353055	8.615637	16.210872	7.815635	16.068689	7.015634	15.926506	6.215632	15.784323	5.415630	

15.000000	15.000000	15.474324	14.000166	14.474340	13.070888	13.474425	12.169703	13.513485	11.189451	14.336816	10.190420	15.336773	9.229377	16.332796	8.956887	17.328885	8.688590	18.326070	8.655995	19.323256	8.623400	20.320441	8.590805	21.285474	7.656487	22.250608	6.721966	23.215905	5.787320	24.212015	5.520482	23.545558	4.526685	24.542743	4.494090	25.539928	4.461495	24.801974	3.472068	25.576390	2.595543	
15.000000	15.000000	15.999085	14.043265	16.998969	15.007655	17.936513	16.001605	18.934419	17.000754	19.795235	18.000557	20.656052	19.000360	21.516869	20.000163	22.377685	20.999966	23.238502	21.999769	24.099318	22.999573	24.960135	23.999376	24.148515	24.964649	25.126547	25.964180	24.231409	26.941587	25.092226	27.941390	25.953043	28.941193	26.813859	29.940996	27.674676	30.940799	28.535492	31.940603	29.396309	32.940406	
15.000000	15.000000	15.969030	15.966211	16.252940	15.329884	16.688621	14.392730	17.105288	13.462464	18.032290	12.603385	18.836741	12.100560	19.641191	11.597734	20.445642	11.094909	21.250092	10.592083	22.054542	10.089257	22.858993	9.586432	23.777327	8.751745	24.695680	7.917005	25.240470	8.633972	25.041357	8.508891	24.764157	8.463348	25.695323	7.593359	24.902104	7.892781	23.998009	7.203887	23.739836	7.137025	
15.000000	15.000000	14.000501	15.999714	13.003255	15.638632	12.048658	15.042588	11.689941	16.036110	10.713399	15.093349	10.371656	16.090902	10.394418	15.118033	10.417179	14.145163	10.439941	13.172294	10.462702	12.199424	10.485464	11.226555	10.508225	10.253685	10.530987	9.280816	10.553749	8.307946	10.576510	7.335077	10.599272	6.362207	10.622033	5.389338	10.644795	4.416468	10.667556	3.443599	10.850749	2.523529	
15.000000	15.000000	14.000005	15.739175	13.002374	14.746893	12.062836	13.867191	11.418937	13.757607	10.565676	12.757719	9.661010	11.761326	8.755369	10.775351	7.838580	9.795292	6.912396	8.823246	5.978162	7.862097	5.036905	6.915970	4.051615	6.642099	5.004348	5.966227	5.990898	5.144296	5.246522	4.145334	6.005788	3.145479	6.765054	2.145624	7.524320	1.145770	8.522696	0.156491	9.519868	-0.682395	
15.000000	15.000000	15.962651	14.000626	14.983239	14.998471	13.983621	15.501334	12.984106	14.537440	11.990350	13.538116	10.997390	12.538269	10.001208	11.538363	9.005080	10.538457	8.009007	9.538552	7.012991	8.538646	6.017040	7.538740	5.017099	6.538785	4.144123	5.538807	3.148676	4.538807	2.198968	5.531622	1.208366	4.545078	0.208367	3.545078	-0.791065	2.545124	-1.790497	1.545170	-2.789929	0.545216	
15.000000	15.000000	14.000235	14.311415	13.001455	13.320681	12.008080	12.322210	11.010122	11.323201	10.010707	10.323910	9.011209	9.326215	8.011710	8.328521	7.012207	7.330829	6.012700	6.333138	5.013190	5.335449	5.424862	6.334899	4.436243	7.334633	5.425333	8.334507	4.425844	7.336810	4.289763	8.336213	3.431540	9.248908	2.431550	8.510933	2.811733	9.264654	1.811743	8.526679	1.798109	9.166189	
15.000000	15.000000	14.738554	15.975615	13.764537	16.380813	13.603187	17.350462	12.773137	17.411776	13.569232	17.369618	14.568773	16.377641	15.568314	15.385664	16.567856	14.393687	17.567397	13.401710	18.566938	12.409733	19.566479	11.417756	20.563951	10.449090	21.561412	9.480393	22.558863	8.511663	23.473152	8.015619	24.244140	8.078235	23.746032	8.164211	24.743209	7.194206	25.618453	6.315680	26.025720	5.461258	
15.000000	15.000000	15.712996	15.987986	15.525601	15.515684	15.347544	15.303541	16.274853	14.524236	17.255266	15.515387	18.255106	16.508458	19.254945	17.501529	20.254785	18.494600	21.254625	19.487670	22.254465	20.480741	23.254305	21.473812	24.254144	22.466883	25.254059	23.452457	26.251510	24.447079	27.247570	25.445536	28.234853	26.338517	29.233051	27.314695	30.232890	28.307766	31.232730	29.300837	32.232570	30.293908	
15.000000	15.000000	14.000011	14.058467	14.808741	13.670244	13.845036	12.985221	13.607415	12.701661	14.586574	11.779088	13.891625	10.850330	14.021922	10.176437	13.110194	9.628620	12.607493	8.785946	12.104792	7.943273	11.602091	7.100600	11.099390	6.257926	10.596689	5.415253	10.093987	4.572580	9.591286	3.729906	9.088585	2.887233	10.053821	2.258719	9.163149	1.289632	8.183073	0.324194	7.221242	-0.633867	

15.000000	15.000000	15.162182	14.001094	15.646342	14.579163	16.618492	13.870934	15.699580	12.906888	14.877096	13.580812	14.890959	13.646383	14.282167	14.478584	13.973102	15.352142	13.633890	16.223418	13.292355	17.097145	12.404198	17.963892	11.433042	18.954284	10.461885	19.944677	9.490729	20.935070	8.519573	21.925462	8.055554	22.866172	7.084397	23.856565	6.087860	24.846192	5.091281	25.835800	4.120124	26.826192	
15.000000	15.000000	15.866767	15.920972	16.863458	14.920973	15.876029	15.219477	14.914681	15.636829	15.067481	15.710684	15.401639	16.632663	14.416058	15.812181	15.357494	15.732665	14.609184	15.144154	13.622393	14.348196	13.371654	13.349467	12.419738	13.808517	11.554357	14.808465	10.554590	15.802910	9.602673	16.261960	8.650757	16.721010	7.698841	17.180060	6.746925	17.639111	5.795009	18.098161	4.843093	18.557211	
15.000000	15.000000	14.012277	15.999907	14.181010	15.001206	14.057757	14.019015	13.136829	14.811687	12.691239	14.019061	11.691766	15.014786	10.850357	15.977412	11.072996	16.945493	10.074463	17.945483	9.307176	18.945471	8.310931	19.945464	7.314686	20.945457	6.318441	21.945450	5.322195	22.945443	4.322215	23.944043	3.322215	24.940908	2.322218	25.930048	3.239185	26.905496	2.242939	27.905489	1.246694	28.905482	
15.000000	15.000000	14.000261	15.796261	13.862211	16.794822	12.873247	17.088554	12.296204	16.703412	11.310928	16.783916	11.196285	16.093468	11.301329	16.099718	10.333361	15.765902	9.363225	15.486851	8.867472	15.058408	9.774744	14.559845	9.660102	13.869397	10.553965	13.353669	9.596405	12.860436	9.481763	12.169988	9.367120	11.479541	9.252477	10.789094	9.137834	10.098647	9.023191	9.408199	8.908548	8.717752	
15.000000	15.000000	15.998822	15.640929	15.003042	16.598476	14.696793	17.592716	14.777463	18.590414	15.777413	17.590632	16.730076	18.255769	17.095049	19.245948	18.095031	18.246233	19.095013	17.246518	20.094996	16.246804	21.094978	15.247089	22.094961	14.247374	23.094943	13.247659	24.094925	12.247944	25.094908	11.248229	26.094890	10.248514	27.094873	9.248799	28.094855	8.249084	29.065544	7.260313	28.219010	8.214016	
15.000000	15.000000	15.517762	15.999752	15.532492	16.905845	16.180790	16.735510	17.145321	16.998911	17.745747	16.703525	18.716505	15.708644	19.716472	14.708648	20.716439	13.708653	21.716405	12.708657	22.716372	11.708661	23.716339	10.708665	24.716306	9.708669	25.716083	8.711136	26.715349	7.712179	27.714274	6.715038	28.692089	5.715383	29.669662	4.715737	30.646980	3.716100	31.646946	2.716104	32.646913	1.716108	
15.000000	15.000000	14.000139	14.000004	13.011069	13.610901	12.020235	13.574861	11.161315	14.201448	10.166428	13.216054	9.336370	14.150357	8.351967	13.246929	8.433771	14.243841	7.593270	15.174892	6.706090	15.632808	5.860690	16.317003	5.942494	17.313916	6.024297	18.310829	6.106101	19.307741	6.187904	20.304654	5.366280	21.241530	5.448084	22.238443	4.600620	23.167310	3.627428	22.172733	3.907044	23.159602	
15.000000	15.000000	15.999203	14.047626	15.840991	13.049228	16.839884	12.157049	17.824467	11.186280	18.709949	11.415681	19.706255	10.598085	20.702562	9.780488	21.698869	8.962892	22.695175	8.145295	23.691482	7.327698	24.687789	6.510102	25.685355	7.323835	24.689441	6.400035	23.691326	6.460885	24.675544	5.489498	25.659168	6.422858	24.665581	5.425096	23.669555	4.847629	24.658684	3.888158	25.544248	4.116803	
15.000000	15.000000	15.999998	15.998540	16.994733	16.917238	17.981325	17.896991	18.928824	18.862737	19.927869	19.206533	20.856623	18.684277	21.785377	18.162022	22.714131	17.639766	23.642885	17.117511	24.571639	16.595255	25.500393	16.073000	26.429147	15.550744	27.357901	15.028489	27.383284	14.041252	28.383036	13.300255	28.388383	12.312030	29.317137	11.789775	30.245891	11.267519	31.174645	10.745264	32.103399	10.223009	
15.000000	15.000000	15.997999	15.049209	15.218255	15.686400	14.248451	16.095547	13.333581	15.095815	14.272427	15.314996	14.747095	15.185660	15.679051	14.190685	16.600070	13.201376	17.583907	12.202513	18.502410	11.202596	19.420914	10.202679	20.339417	9.202762	21.257921	8.202845	22.176424	7.202928	23.097308	6.204969	24.018878	5.206754	24.942570	4.207673	25.942569	3.221419	26.865177	2.221846	27.787872	1.222281	

15.000000	15.000000	14.505438	14.000956	14.660827	13.681060	14.207195	12.685625	13.378381	11.784372	12.408462	11.076792	11.420738	10.371266	10.428514	9.371713	9.436374	8.372161	8.442285	7.372594	7.446393	6.373012	6.450140	6.074046	5.450292	5.074245	4.668117	4.143449	3.673534	3.143783	2.674080	2.144257	1.674658	1.144722	0.675212	0.145194	-0.324254	-0.854328	-1.323172	-1.053979	-2.322808	-2.053325	
15.000000	15.000000	14.000207	14.012501	13.018738	13.082097	12.058204	12.082106	11.214533	11.082108	10.388879	10.082110	9.582679	9.082112	8.584305	8.082140	7.585987	7.082161	6.587768	6.082178	5.603826	5.082203	4.608580	4.082203	3.624153	3.105078	2.624784	2.105640	1.625043	1.105672	0.625302	0.105704	-0.374439	-0.894265	-1.374180	-1.894233	-2.373922	-2.894201	-3.373663	-3.894169	-4.373636	-4.888404	
15.000000	15.000000	15.999908	14.025034	16.508403	13.036324	16.983389	12.039358	17.983005	11.573075	18.982747	11.163764	19.745117	10.166867	20.463397	9.168836	21.183994	8.170811	22.183603	7.703073	22.942912	6.706681	23.641623	5.708720	24.340234	4.710787	25.107253	3.713723	25.870038	2.716805	26.869650	2.249576	27.694888	1.252098	28.694630	0.842787	29.694373	0.433476	30.694115	0.024165	31.693857	-0.385146	
15.000000	15.000000	15.999996	15.474437	15.011067	14.557587	14.011067	15.525216	13.077225	14.525245	12.077444	13.878194	11.111526	14.870490	10.534576	15.849455	9.957627	16.828419	9.380677	17.807384	8.803727	18.786349	8.226777	19.765314	7.649827	20.744279	7.072877	21.723243	6.495927	22.702208	5.918978	23.681173	5.342028	24.660138	6.303198	25.660138	5.726248	26.639103	5.149298	27.618067	4.572348	28.597032	
15.000000	15.000000	14.370733	14.693550	14.365777	15.693215	13.439816	16.448919	14.406391	16.833776	15.398715	17.668582	16.393860	18.212602	17.335569	17.591401	18.329886	16.632181	19.324203	15.672961	20.318520	14.713742	21.312836	13.754522	22.307153	12.795303	23.301470	11.836083	24.295787	10.876863	25.290104	9.917644	26.284421	8.958424	25.292280	8.318623	24.300017	7.674601	25.242702	7.043083	24.383637	6.043211	
15.000000	15.000000	14.005403	14.111702	13.005959	13.113142	12.006772	12.116362	11.012896	11.194948	10.018962	10.279800	9.024993	9.368655	8.030965	8.465341	7.036909	7.566078	6.039527	6.689257	5.042388	5.814114	4.186755	5.245823	3.359912	4.697542	2.544646	5.105435	1.544860	4.448498	0.746032	3.460560	-0.246226	2.661833	-1.238378	1.866402	-2.230417	1.074498	-3.222337	0.286285	-4.214605	-0.512742	
15.000000	15.000000	14.605643	15.989525	13.836445	15.601270	14.743702	14.748591	15.615293	13.778397	16.575434	12.815584	17.556815	11.874096	18.535237	10.928172	19.510039	9.977753	20.504553	8.979812	21.499471	7.981881	22.494354	6.983918	23.489011	5.985859	24.483703	4.987765	24.137090	4.641079	25.136763	4.662466	25.308672	5.482924	25.129359	4.487582	24.816401	3.491112	25.815923	4.053135	26.204548	3.871055	
15.000000	15.000000	15.879899	15.133459	15.714100	15.401459	16.696642	15.480933	17.079391	14.521257	18.032996	13.700511	18.807965	12.807898	19.582205	11.918985	20.577384	11.126839	21.388208	10.283965	22.383218	9.483302	23.377683	8.673975	24.371630	7.857963	25.318725	7.022257	24.363157	6.890367	25.317363	6.066178	24.387219	6.415501	23.433365	5.858411	24.336684	4.908410	24.859925	3.923773	25.670580	3.090039	
15.000000	15.000000	15.559619	15.996655	14.571368	16.918731	15.570947	17.918562	14.581290	18.918305	15.577117	19.917286	16.309459	20.917133	16.007865	21.916608	16.908144	22.914347	17.808423	23.912086	18.708703	24.909824	19.608982	25.907563	20.509261	26.905302	20.797844	27.802789	20.914384	28.629911	20.868551	29.391742	21.819481	28.917205	22.817294	29.914501	23.717573	30.912240	24.617853	31.909979	25.518132	32.907717	
15.000000	15.000000	14.001434	14.384228	14.416074	13.413890	13.416102	12.442898	12.416146	11.645175	11.416193	10.843841	10.416350	10.197189	9.416372	9.490701	8.416389	8.927035	7.416406	8.345569	6.416423	7.763244	5.416441	7.185845	4.416441	8.129774	3.417258	9.127994	2.418058	10.126037	1.418574	11.077977	0.419090	12.029917	-0.580853	13.029637	-1.580030	14.027890	-0.581426	13.627386	0.417781	13.246030	

15.000000	15.000000	15.999942	15.713453	16.221693	14.726515	17.221634	15.436681	16.221929	15.504802	17.138307	15.179795	17.465627	15.834777	16.465648	15.690389	17.465625	15.029484	18.465448	14.209142	17.546892	13.350463	16.547043	12.875774	17.546760	12.044164	16.628204	11.185485	15.709647	10.326805	16.709284	9.490404	15.790728	8.631725	14.872172	7.773045	13.953615	6.914365	13.035059	6.055686	12.116502	5.197006	
15.000000	15.000000	14.071615	15.968706	13.071689	16.945378	12.072060	17.858953	11.076077	17.924747	10.076170	18.678403	9.076852	17.680378	8.077136	16.693670	7.112662	15.762461	6.113060	16.210767	5.147948	15.284014	4.148257	15.842705	3.148529	14.854751	2.148666	15.572434	1.152837	14.584266	0.152878	13.616473	1.141392	14.505763	0.141462	13.522557	1.135400	14.243299	0.135470	13.260165	1.134076	13.357422	
15.000000	15.000000	15.787254	15.755336	16.783187	15.756691	17.782176	15.622924	18.777362	14.890129	19.754076	13.933731	20.742893	12.949386	21.663307	11.964019	22.583721	10.978652	23.504135	9.993285	24.424549	9.007918	25.344963	8.022551	24.526117	7.049899	24.346394	6.061869	24.195071	5.073507	25.115485	4.088140	24.119134	3.101054	25.039548	2.115687	25.959963	1.130320	26.880377	0.144953	27.800791	-0.840414	
15.000000	15.000000	14.781030	15.946287	13.798581	15.111562	12.798590	14.164871	11.820327	13.215280	10.838996	12.419008	9.857666	11.622737	8.916502	10.664622	7.916590	9.686870	6.944856	8.826680	5.973149	7.966444	5.001475	7.106152	4.032999	8.029750	5.028686	7.437687	4.048558	8.434183	5.044770	7.818265	4.055616	8.802698	5.051260	8.148537	4.061260	9.128045	3.481724	8.447824	2.494800	9.439845	
15.000000	15.000000	15.983930	14.024960	14.983988	15.014828	13.984135	16.003034	12.984154	16.379611	12.025523	15.769899	11.037710	15.275000	10.037950	15.337052	9.050001	14.843545	8.050222	14.944747	7.050496	15.008932	6.050750	15.110858	5.064774	14.598832	4.096788	14.004404	3.097011	14.081022	2.097308	14.154632	3.087618	15.127047	2.101609	14.615296	3.100538	15.461560	2.112936	14.964523	3.111986	15.763945	
15.000000	15.000000	14.059430	15.751606	13.071477	16.664043	12.080288	17.569507	11.171554	18.548617	10.178037	19.341427	9.178271	19.591305	8.178461	19.877131	7.179390	20.366328	6.180318	20.855525	5.181247	21.344722	4.182176	21.833920	3.199074	20.882140	2.201805	21.835545	1.705420	22.783714	1.970974	23.745640	2.878196	22.863804	3.785419	21.981968	2.971602	21.045800	1.974661	21.995022	1.569316	22.945537	
15.000000	15.000000	15.943426	15.997759	16.446540	16.518914	15.659806	16.215652	14.921763	15.343086	13.921776	14.372593	12.921794	13.398213	11.921812	12.422977	10.921862	11.424361	9.921912	10.425745	8.921963	9.427129	7.922013	8.428513	6.932894	7.445666	6.045210	6.525307	5.119996	5.601479	6.117803	4.695983	5.149768	3.729540	4.150139	2.960400	3.150510	2.191260	2.398253	1.306332	1.645996	0.421405	
15.000000	15.000000	15.436765	14.000025	16.354333	13.029673	15.413211	12.046009	14.413254	11.333095	13.413296	10.620182	12.413339	9.907268	11.413382	9.194355	10.413699	8.266834	9.414018	7.339187	8.414337	6.411591	7.414654	5.484054	6.419561	4.657709	5.420052	4.177317	4.420653	3.706529	4.440907	4.287112	5.438638	3.297600	4.440768	2.346568	3.458812	3.062761	3.022737	2.075768	2.024868	1.124736	
15.000000	15.000000	14.000123	14.633745	13.024519	13.660929	12.056333	12.748507	11.064740	13.031291	10.080152	12.855748	9.080302	13.622210	8.104607	12.748249	7.104607	13.748231	6.108154	12.861826	5.112435	13.523443	4.115624	12.643649	3.115630	13.643633	2.119363	12.728661	1.141305	11.881019	0.151095	12.053267	-0.775257	11.054066	-1.775251	12.054050	-2.770059	12.628629	-3.770053	13.628612	-4.770048	14.628596	
15.000000	15.000000	15.551694	15.630743	15.781348	16.024861	16.389259	16.651802	16.983033	17.212765	17.147128	16.563722	16.609328	15.694104	16.142939	14.708765	15.721692	13.720976	15.459851	12.725669	15.271107	11.732672	15.108211	10.735730	14.914029	9.739222	14.725284	8.746224	14.536539	7.753226	14.378606	6.756221	14.189861	5.763223	14.001116	4.770226	13.812371	3.777228	13.623626	2.784230	13.434882	1.791232	

15.000000	15.000000	15.795094	14.008492	15.201739	13.009829	14.245610	12.013496	13.297138	11.016497	12.617732	10.018374	11.906358	9.020333	11.171430	8.022359	11.631938	7.027682	11.863134	6.270386	11.394665	5.272089	10.922583	4.273950	10.411716	3.275824	9.716516	2.287053	10.672907	3.236903	10.211537	2.278960	11.183277	3.275246	11.797837	4.270318	11.971648	3.291103	12.681928	2.898430	13.442167	2.456773	
15.000000	15.000000	14.070545	14.000323	14.427637	13.098994	13.429226	12.099004	14.006082	12.274087	13.100133	11.274418	12.154713	10.274567	11.207651	9.274716	10.261988	8.274863	10.700075	7.342276	9.702657	6.342282	10.536715	6.519517	10.637837	5.549433	9.646434	4.549438	10.353755	3.664476	11.182750	2.985001	10.190239	1.985024	10.653318	2.818680	9.769871	1.845312	10.347246	2.623635	10.928112	3.403517	
15.000000	15.000000	15.995229	14.010202	15.002968	13.327794	14.736057	12.329047	14.174012	11.333231	13.254485	10.333882	12.327925	9.334903	11.401278	8.335933	10.642821	7.336703	9.715248	6.337747	8.803098	5.338041	8.685944	4.339242	7.748999	3.339495	6.825067	2.339741	5.905920	1.339984	6.764966	0.340072	6.597700	-0.658307	5.679465	-1.658065	6.538510	-2.657978	7.397556	-3.657890	8.256602	-4.657803	
15.000000	15.000000	15.932588	15.998414	16.915232	15.013737	16.804617	14.013779	15.818032	13.112150	15.079513	12.112175	14.103418	11.212849	13.283329	10.212874	12.284411	9.290317	11.631228	8.290342	12.324796	7.348917	11.324940	6.349106	10.533404	5.349129	10.155167	4.349225	9.188243	3.349308	8.893052	2.350382	8.722611	1.364244	8.050097	0.503458	7.065283	1.244712	6.101417	0.244783	5.101938	-0.744866	
15.000000	15.000000	15.776016	15.998234	14.777412	16.998225	13.828614	17.867334	14.385437	18.867098	13.416328	18.664848	12.458409	19.664840	13.279162	20.664771	14.099915	21.664702	14.920668	22.664634	15.741421	23.664565	16.562174	24.664497	17.382928	25.664428	16.909627	26.664414	17.258503	27.664121	16.348744	28.664111	16.733413	29.663864	15.761334	30.663817	16.200124	31.663622	17.020877	32.663553	17.841630	33.663485	
15.000000	15.000000	15.918192	15.983670	15.642670	16.145788	16.630911	17.061617	15.789620	17.159594	14.982278	17.265869	14.745315	16.368714	13.970930	16.044992	13.021306	16.695348	12.071681	17.345704	11.122056	17.996060	10.172432	18.646416	9.222807	19.296772	8.273182	19.947128	7.323557	20.597484	6.373933	21.247840	5.424308	21.898196	4.474683	22.548552	3.492083	23.548297	2.689557	22.579761	1.750371	21.642693	
15.000000	15.000000	14.237542	15.999910	15.233559	15.000285	16.098940	14.001138	16.396529	13.010166	16.691563	12.019558	16.193266	11.019839	17.067098	11.848876	17.844170	11.793656	18.621242	11.738435	19.398314	11.683215	20.175387	11.627994	20.952459	11.572774	21.729531	11.517553	22.506603	11.462333	23.283675	11.407112	24.060747	11.351892	24.837819	11.296671	25.614891	11.241451	26.391964	11.186230	27.169036	11.131010	
15.000000	15.000000	15.841771	15.983210	16.679624	16.964913	17.582218	17.960061	18.164415	18.878269	18.496874	19.769352	18.643403	20.642467	18.789932	21.515581	18.936461	22.388696	19.513130	23.388433	19.659659	24.261547	20.236328	25.261284	20.382857	26.134399	20.959525	27.134135	20.022119	28.089323	19.082679	27.141412	18.736663	28.141402	18.126541	27.278627	18.501025	26.384332	17.679222	27.104268	17.521936	28.074773	
15.000000	15.000000	14.028712	15.800571	13.168849	16.697793	13.579253	16.897497	14.197238	17.211754	14.763326	18.084026	15.651994	19.079796	16.303322	19.325586	15.877833	18.375841	15.452344	17.426095	15.026854	16.476349	14.601365	15.526603	14.175876	14.576857	13.750387	13.627111	13.324898	12.677366	12.899409	11.727620	12.473920	10.777874	12.048430	9.828128	11.622941	8.878382	11.197452	7.928637	10.771963	6.978891	
15.000000	15.000000	15.999975	15.981553	16.999947	16.964197	17.922364	17.806231	18.860869	18.763359	18.858261	19.719686	19.326693	20.653751	19.324084	21.610078	18.795719	22.577696	19.264151	23.511762	19.261542	24.468089	19.729974	25.402154	19.727366	26.358481	18.832011	27.345745	17.832739	28.251219	18.593675	29.078096	17.734722	30.070183	18.569083	30.915592	19.557121	31.730061	20.104324	32.378555	19.498220	33.340608	

15.000000	15.000000	14.003104	14.006667	13.013510	15.005109	12.026454	15.997033	11.032338	15.195388	10.037286	14.719048	9.076669	13.719352	8.126603	12.719678	7.288825	11.720133	6.929822	10.720824	5.992807	9.722209	5.171979	8.965622	4.232991	7.966459	3.260904	7.701869	2.294604	7.230125	1.304259	6.385334	0.342201	5.414664	-0.644415	4.590555	-1.634509	4.325072	-2.624603	4.059589	-3.614698	3.794106	
15.000000	15.000000	14.000140	14.000050	13.840919	13.709586	13.740575	13.804861	13.093551	13.070890	12.096783	12.167511	11.099373	11.418438	10.100978	10.645540	9.119288	10.107526	8.127639	9.446496	7.135662	8.792214	6.135777	7.804866	5.136265	6.807175	6.135550	7.545471	5.136682	7.999634	4.136785	7.001470	5.136706	7.987602	6.096329	8.986413	5.096541	9.760369	4.096545	8.780628	3.097478	9.690873	
15.000000	15.000000	15.966028	15.975716	16.761375	14.977592	15.779620	15.969783	14.787560	16.928179	13.981495	17.789991	13.175430	18.651803	12.369366	19.513615	11.563301	20.375428	10.757236	21.237240	9.951171	22.099052	9.145107	22.960864	8.339042	23.822677	7.532977	24.684489	6.726912	25.546301	5.920848	26.408113	5.114783	27.269926	4.308718	28.131738	3.502654	28.993550	2.696589	29.855362	1.890524	30.717174	
15.000000	15.000000	14.006825	14.001181	13.014480	13.001436	12.036496	12.001707	11.090211	11.852798	10.156552	11.852887	9.244550	11.516439	8.359064	10.519782	7.468156	9.522873	6.522623	8.524581	5.553751	7.537144	4.585132	6.551587	3.730897	6.449580	2.739699	7.422115	3.523387	8.414908	2.832278	9.412997	2.549520	8.528499	1.813026	9.344169	2.468056	10.264229	2.179343	9.375576	1.826075	8.445231	
15.000000	15.000000	14.026601	15.999952	13.111288	16.990888	12.350759	17.985592	11.392242	18.935246	10.401788	19.882522	9.411335	20.829797	8.420881	21.777073	7.430427	22.724348	6.439974	23.671624	5.449520	24.618899	6.434694	25.169703	5.444241	26.116978	4.453787	27.064254	3.463334	28.011529	2.472880	28.958805	1.482427	29.906080	0.491973	30.853356	-0.498481	31.800631	-1.488934	32.747907	-2.479388	33.695182	
15.000000	15.000000	15.450758	14.000648	14.544293	13.049751	15.437032	12.049779	14.444467	11.070811	13.825877	10.071213	13.149510	9.071426	12.227704	8.071844	11.240074	7.072588	10.241035	6.074306	9.242001	5.076012	8.242972	4.077705	7.243949	3.079383	6.244933	2.081044	5.245924	1.082690	4.246932	0.084298	3.247955	-0.914127	2.248993	-1.912582	1.250027	-2.911028	0.251057	-3.909466	-0.747918	-4.907896	
15.000000	15.000000	15.317233	14.000047	14.323997	14.542781	13.357012	13.569721	12.387623	12.572141	11.437296	11.572164	11.824354	10.572454	10.864931	10.267209	10.033664	9.267354	9.056340	8.267373	8.083641	7.267394	7.117841	6.267419	6.153133	5.267444	5.187656	4.267469	4.277789	3.267548	3.364428	2.267627	2.443087	1.267713	1.454269	0.281743	0.465484	-0.704196	-0.523270	-1.690105	-1.511990	-2.675983	
15.000000	15.000000	14.311697	14.000528	13.519106	13.006181	12.562366	12.006222	11.580423	11.006844	10.653328	10.006873	9.736496	9.008527	8.765891	8.024188	7.768192	8.987983	6.780304	7.991045	5.900043	6.991231	5.008896	5.991436	4.029219	4.994195	3.030822	3.995536	2.039829	3.104003	1.063394	3.380451	0.083256	3.795594	-0.914774	4.791335	-1.884828	4.767434	-2.844247	4.134012	-3.803666	3.500590	
15.000000	15.000000	14.182885	14.001341	13.256075	13.001507	12.619349	12.001510	13.102147	11.001587	13.534332	10.004301	14.380195	9.004965	15.131822	8.009319	15.379522	7.039993	14.425743	6.455110	13.471964	5.870226	12.518185	5.285343	11.564406	4.700460	10.610628	4.115577	9.656849	3.530693	10.544838	4.502487	9.591059	3.917603	8.637280	3.332720	7.683501	2.747837	6.729722	2.162954	5.775944	1.578071	
15.000000	15.000000	15.993521	14.217071	16.874433	15.184011	17.860736	15.602024	18.816048	16.088747	18.478347	17.078845	18.140647	18.068944	17.802947	19.059042	17.465246	20.049141	17.127546	21.039240	16.789846	22.029338	16.452145	23.019437	16.114445	24.009535	15.776745	24.999634	15.439044	25.989732	15.101344	26.979831	14.763644	27.969930	14.425943	28.960028	14.088243	29.950127	13.750543	30.940225	13.412842	31.930324	

15.000000	15.000000	14.000850	14.167641	13.101560	13.168965	12.105082	12.271661	11.106590	11.360876	10.106594	10.402851	9.106602	9.456711	8.106609	8.510572	7.106616	7.564432	6.106623	6.618292	5.106630	5.672153	4.111527	6.669909	3.111605	7.207842	4.019677	6.208241	3.019755	6.745955	3.939049	5.746284	2.939132	6.288694	1.939211	6.828388	1.354482	7.755182	0.354562	8.287890	-0.645431	7.341750	
15.000000	15.000000	14.478349	15.999457	13.507047	16.427184	12.507502	17.426846	11.508123	18.426331	10.508900	19.424931	9.510444	19.328176	8.511049	20.327636	7.512065	20.167143	6.512832	21.165826	5.513601	22.164500	4.514370	23.163171	3.516492	22.488028	2.516871	23.488005	1.520671	22.737061	0.529458	22.259835	-0.467187	23.034117	-1.465830	22.811956	-2.464474	22.589794	-3.463117	22.367632	-4.462461	23.364285	
15.000000	15.000000	14.003027	14.000131	14.816167	14.125690	15.808334	13.976996	15.383259	13.154035	14.572762	14.094955	13.572979	13.095406	12.573970	12.096061	11.574953	11.096706	10.575896	10.097308	9.576812	9.097878	8.669732	8.098385	7.762653	7.098892	6.855573	6.099400	5.990770	5.100400	5.083690	4.100908	4.107939	4.520397	5.094327	3.520398	4.187247	2.520906	3.280168	1.521413	2.373088	0.521921	
15.000000	15.000000	15.696930	14.243772	14.697290	13.887766	13.697487	14.274931	12.698064	15.004046	11.699500	15.916433	10.700376	16.149200	9.701191	17.000240	8.999585	17.999841	8.000473	18.979124	7.001187	19.972345	6.001901	20.965518	5.002622	21.954292	4.006318	22.679151	5.006226	21.878377	6.005105	22.585935	5.006483	23.574081	4.010890	24.165790	3.023175	23.200724	3.408113	24.058076	4.408039	23.246209	
15.000000	15.000000	14.018882	15.851643	13.050936	16.850563	12.051059	17.836638	11.051145	18.811186	10.051265	19.083118	9.051385	19.355051	8.051504	19.626983	7.051624	19.898916	6.051705	20.862595	5.051785	21.826337	4.081520	21.107565	3.306479	21.023324	2.318394	21.384635	3.286386	22.340007	3.126724	21.560083	2.212387	20.560136	1.280217	19.560221	0.280435	20.512467	-0.719319	21.346894	-1.719224	22.279461	
15.000000	15.000000	14.210756	14.005336	15.087192	13.007270	14.483187	12.016119	15.482930	11.033765	16.478390	10.341091	17.473391	9.684371	18.468424	9.025238	19.463548	8.359319	20.458738	7.688381	21.229612	8.594146	22.000486	9.499912	22.771360	10.405678	23.542234	11.311444	24.313108	12.217209	25.083982	13.122975	25.854856	14.028741	26.625730	14.934507	27.396604	15.840272	28.395973	15.736209	29.395518	15.433267	
15.000000	15.000000	14.000722	15.999962	13.787349	15.801976	12.815963	16.636511	12.291078	15.767597	11.344929	16.153255	10.454092	15.155660	9.576392	16.071230	8.688230	15.073516	7.755148	15.634778	7.082802	14.789441	6.110718	14.910579	5.131805	14.858256	4.152244	14.793614	3.171929	14.716242	2.213425	13.938023	1.620335	14.937955	1.689433	15.936867	1.903197	16.936816	1.030272	17.936698	0.054085	17.945912	
15.000000	15.000000	14.696843	15.186772	13.720372	14.264883	12.728044	13.332353	11.730961	13.045554	10.736068	13.924654	10.768761	14.801791	10.040660	15.493522	9.041429	14.745219	8.043100	14.396220	7.160309	15.292628	7.331088	16.194355	6.335422	16.455061	5.336571	16.996146	4.786646	17.761754	3.878210	18.654542	2.969775	19.547329	1.972295	19.479118	0.973966	19.130119	-0.024539	18.708261	-1.016645	19.192055	
15.000000	15.000000	15.609478	14.503070	14.898999	14.193968	15.844861	13.660761	15.182143	13.216900	16.125724	12.413972	16.587582	11.515882	17.445123	10.561736	18.297248	9.608204	17.952018	10.004909	17.523024	10.244106	17.094031	10.483303	16.665037	10.722500	16.236043	10.961697	15.807049	11.200894	15.378055	11.440091	14.949061	11.679288	14.520067	11.918485	14.091073	12.157681	13.662079	12.396878	13.233085	12.636075	
15.000000	15.000000	14.239521	15.364111	14.768967	14.466949	14.132758	13.630390	14.574205	14.046454	14.795952	14.916638	14.103050	15.297425	13.124435	14.335970	12.139372	13.573510	11.154103	12.815709	10.168657	12.061886	9.172051	11.388241	8.175446	10.714596	7.178841	10.040951	6.182235	9.367306	5.185630	8.693661	4.189024	8.020016	3.571287	7.096025	4.495804	6.241197	3.764214	5.347312	2.787629	4.393693	

15.000000	15.000000	15.980303	14.000618	16.953497	13.000893	17.801011	12.001040	18.466270	11.001194	18.576705	10.003285	19.061811	9.004154	19.997681	8.046965	20.879050	7.354033	21.421050	6.477409	22.159138	7.139771	23.149003	6.203586	23.807599	5.203974	23.506157	4.204277	23.909662	3.286076	24.518835	2.346549	25.249937	1.445190	25.746137	0.487456	26.449398	-0.425523	27.081295	-1.359944	27.644917	-2.308018	
15.000000	15.000000	14.644862	15.906907	15.628623	16.696299	14.686258	17.580655	15.099864	16.585016	15.552059	15.590845	15.944896	14.594695	15.932930	13.618653	15.920964	12.642610	15.908998	11.666567	15.897031	10.690524	15.885065	9.714482	15.873099	8.738439	15.861133	7.762396	15.849166	6.786353	15.837200	5.810311	14.883557	6.058219	14.871591	5.082176	14.859625	4.106134	13.895474	4.476351	13.883507	3.500309	
15.000000	15.000000	14.016650	14.000094	15.016650	14.999949	15.428217	14.577146	16.428209	15.573868	17.424496	15.603448	18.424480	16.521407	19.410097	17.027214	20.395714	17.533020	21.381331	18.038826	22.366948	18.544632	23.352565	19.050438	24.338182	19.556244	25.323799	20.062050	26.309416	20.567856	27.295033	21.073662	28.295007	21.989426	29.294993	22.916462	28.447712	22.025040	29.447697	22.950955	28.632019	22.070611	
15.000000	15.000000	14.019087	14.187932	15.000353	13.535539	15.999364	12.746427	16.998418	11.883659	17.997699	12.163366	18.971600	11.234747	19.967645	10.255618	20.963682	9.276427	21.961080	8.308565	22.958471	7.340567	23.953373	6.379075	24.942603	5.422051	24.689425	6.328939	23.740074	6.942452	24.047871	7.146675	24.355668	7.350897	24.663465	7.555120	24.457838	8.555114	24.765635	8.759337	25.073432	8.963560	
15.000000	15.000000	14.025763	15.315884	14.748041	16.314953	13.759830	16.804026	13.073442	17.719731	12.497074	16.808485	11.510041	15.808687	10.523007	14.808889	9.535973	13.809092	8.548939	12.809294	7.561905	11.809496	6.574871	10.809698	5.587837	9.809901	4.600803	8.810103	3.613769	7.810305	2.728171	6.810398	3.720271	5.848294	3.082216	4.848832	4.060943	3.887190	3.071387	3.561916	3.061142	2.563901	
15.000000	15.000000	14.150423	14.177229	14.723572	13.232221	15.715011	12.361746	16.706966	11.447472	17.691534	10.450666	18.651946	9.455049	19.576945	8.461820	20.476687	7.468882	21.371032	6.476145	22.258598	5.483659	21.779002	4.487261	20.795676	3.524428	19.804666	2.553127	18.806323	3.549766	19.792473	2.610936	18.904854	3.170960	19.903811	2.174477	18.929897	3.150454	19.928807	2.154334	18.954549	3.134992	
15.000000	15.000000	15.475801	14.005578	15.624686	13.110916	16.217734	12.117201	15.308873	11.597702	14.397549	10.830346	13.567658	9.891668	12.803165	8.942235	13.563734	7.946634	14.324304	6.951033	15.084874	5.955432	15.845444	4.959830	16.606013	3.964229	17.370057	2.966584	18.130413	1.968677	17.199368	1.002395	17.760915	0.012953	16.830874	-0.953377	17.596578	-1.950851	18.357148	-2.946452	19.117718	-3.942053	
15.000000	15.000000	15.999869	14.820626	15.033797	13.958307	16.008945	13.086292	15.011935	12.133634	16.011195	11.365905	15.733486	10.370532	16.430020	9.371065	17.052022	8.372223	17.674023	7.373381	18.296025	6.374538	18.918027	5.375696	18.154220	4.385489	18.913058	3.386744	18.247933	4.316029	17.248806	3.361339	17.955398	2.519827	16.961349	1.525272	16.513375	2.486353	15.705860	1.494060	16.327862	0.495218	
15.000000	15.000000	15.416890	15.984187	16.416437	14.984484	17.416412	13.984490	18.416116	12.984552	19.410941	11.987425	20.409780	11.002783	21.408437	10.017566	22.407127	9.032569	23.406004	8.048491	23.698184	7.050032	24.689594	6.055140	25.689492	5.060609	26.689437	4.068755	25.690025	3.068847	26.686869	2.096817	26.784978	1.100858	27.784444	0.125486	28.247317	-0.860606	28.704242	-1.847683	29.151598	-2.835636	
15.000000	15.000000	14.024270	15.913002	15.024270	14.913292	16.024270	13.913499	17.024267	12.913676	18.024267	11.913925	19.024267	10.914335	20.024266	9.914761	21.024265	8.915014	22.024265	7.915258	23.024264	6.915504	24.024264	5.915874	25.024258	4.917437	26.023284	3.917776	27.023283	2.997181	28.022802	2.730275	29.022236	2.554800	30.021125	2.778196	31.017424	3.545886	32.013722	4.313575	33.010021	5.081264	

15.000000	15.000000	15.992820	14.077982	16.875186	13.081139	16.546222	12.113715	15.546714	11.184866	14.546945	10.236162	13.547175	9.287458	12.547406	8.338753	11.547636	7.390049	10.547867	6.441345	9.548098	5.492641	8.548328	4.543936	7.548559	3.595232	6.548789	2.646528	5.549020	1.697824	4.549251	0.749119	3.549481	-0.199585	2.549712	-1.148289	1.549942	-2.096993	0.550173	-3.045698	-0.449596	-3.994402	
15.000000	15.000000	14.433518	14.325435	13.627804	13.397131	12.706501	12.476866	11.716686	11.576800	10.731226	10.658052	9.747930	9.736564	8.769352	8.810389	7.769877	7.988384	6.798329	7.057230	5.798878	6.235835	5.324947	6.816741	6.285423	7.772684	5.286230	6.951163	6.251201	7.950202	5.252065	7.128332	6.249560	8.128037	5.379606	7.198736	5.145712	7.774668	4.190616	8.773185	3.371874	9.770797	
15.000000	15.000000	14.982450	15.957368	13.982451	14.979463	12.987580	15.753241	11.987586	14.766685	10.991537	15.528933	9.993670	16.113994	8.995895	16.673560	7.997062	16.679713	7.027696	16.618541	6.058330	16.557369	5.088965	16.496196	4.119599	16.435024	3.150233	16.373851	2.180868	16.312679	1.770765	17.263375	0.775187	17.887890	-0.220595	18.493163	-1.189960	18.431991	-2.159326	18.370819	-3.128692	18.309646	
15.000000	15.000000	14.004583	15.591640	13.012426	16.222497	12.049007	16.976747	11.112172	17.804970	10.160645	18.708497	9.210435	19.609954	8.261720	20.508700	7.314069	21.405289	6.367401	22.299716	5.421634	23.192020	4.421655	23.169237	4.416682	23.575827	3.416891	22.992624	3.069594	23.965441	2.069831	23.002056	1.071030	23.609745	0.072012	24.583012	-0.927927	25.549889	-1.835536	26.276296	-2.745120	27.017215	
15.000000	15.000000	14.003458	14.888549	13.003471	14.104850	12.003502	13.260458	11.003729	12.534955	10.003913	11.744554	9.059988	11.161978	8.124650	10.587801	7.205622	10.026238	6.308803	9.477967	5.308831	8.966858	4.308875	8.453762	5.303595	9.021246	4.307340	9.975028	3.307369	10.792038	2.307415	11.600503	1.307597	12.403935	0.307621	13.295202	-0.692345	14.178734	0.130943	15.127374	-0.868859	15.891443	
15.000000	15.000000	14.027029	14.001312	15.026267	13.001665	14.463657	13.928143	13.522277	14.898497	12.601246	15.844240	11.728538	16.443517	10.952285	15.791720	10.568718	14.816395	9.598229	13.970703	8.627739	13.125012	7.657249	12.279321	6.686759	11.433630	5.923872	10.662178	5.697311	9.682596	6.156538	8.684208	5.175248	7.723195	4.258897	8.699891	4.870983	9.509396	4.973314	8.512203	4.142979	8.482439	
15.000000	15.000000	14.351826	15.978122	13.453301	14.980169	12.460041	15.979759	11.503374	16.962406	10.534535	17.907274	9.536893	18.893082	8.542324	19.867905	7.549880	20.837172	6.557429	21.806514	5.564971	22.775922	4.565001	23.072240	3.580468	22.655453	2.580592	23.630061	1.850212	23.610014	1.158577	23.788054	0.158603	24.777581	-0.841381	25.771275	-1.834914	26.754700	-2.828429	27.738134	-3.821527	28.721759	
15.000000	15.000000	14.010698	14.000079	13.177981	13.202536	13.408694	14.178954	14.399165	14.883187	15.207465	15.878277	15.816658	16.870309	16.060892	17.760070	16.305125	18.649831	16.549359	19.539591	16.793592	20.429352	17.037826	21.319112	17.282059	22.208873	17.526293	23.098634	17.770526	23.988394	18.014760	24.878155	18.258993	25.767916	18.503226	26.657676	19.486451	27.392545	18.843553	28.392533	17.883777	27.397164	
15.000000	15.000000	14.021537	15.987410	13.432433	16.986492	12.456483	17.985314	11.532827	18.984057	10.533268	19.977916	9.582419	20.976932	8.582730	21.967415	7.583007	22.956064	6.583255	23.942520	5.583482	24.926478	4.584185	24.818105	5.550358	23.843841	6.542902	22.882049	6.579464	21.900135	6.616026	20.918220	6.652589	19.936306	6.689151	18.954392	6.725713	17.972478	6.762276	16.990564	6.798838	16.008650	
15.000000	15.000000	14.015809	14.139659	13.016092	13.407804	12.019772	12.977202	11.034902	12.077472	10.051018	11.207184	9.107001	10.333176	8.162983	9.459168	7.224598	8.589168	6.238562	7.952085	5.242776	7.031568	4.281064	8.031244	3.462854	9.031242	2.466553	10.025103	1.474791	10.838462	0.482992	11.651130	-0.508843	12.463122	-1.505096	13.456994	-2.501826	14.450885	-3.449906	13.501010	-4.314316	14.401543	

15.000000	15.000000	14.021326	15.308202	13.021370	14.395973	12.031496	13.573977	11.032068	12.738256	10.051556	11.974575	9.071044	11.210894	8.090532	10.447213	7.110206	9.680650	6.129694	8.916969	5.149182	8.153288	4.149284	7.294638	3.149448	6.353563	2.214950	5.362135	1.270179	4.369758	0.270205	3.489028	-0.729767	2.619907	-1.685797	1.632771	-2.638923	0.646062	-1.638938	-0.353884	-0.639229	-1.351505	
15.000000	15.000000	15.508418	14.096039	14.921211	13.105444	15.904088	12.901747	16.807823	11.935392	16.977226	10.995647	16.068256	9.995942	16.046587	10.801435	15.212887	9.819137	16.131079	8.836023	15.268531	7.907355	14.789170	6.908218	15.710291	5.908219	16.686023	4.910028	15.691254	3.910210	16.579498	2.910211	15.740288	2.601436	14.916252	1.601581	15.915637	0.602592	15.066081	-0.397246	16.065944	-1.394472	
15.000000	15.000000	14.003932	15.955450	14.878899	15.661782	14.971929	14.879221	15.971350	13.967105	15.079359	13.126072	16.078453	12.464867	17.075962	11.561799	16.314702	10.806228	17.082144	9.842757	18.082084	9.003375	17.085601	8.054932	18.020605	7.078802	17.024153	6.130751	18.017964	5.131795	17.021483	4.183378	18.016264	3.184432	17.042431	2.302677	18.042271	2.454641	17.056837	1.552376	18.056837	0.558585	
15.000000	15.000000	14.007156	14.024411	13.250612	13.679221	12.388879	13.473709	11.427631	13.293043	10.428069	12.408519	9.428471	11.504870	8.461533	11.411071	7.461997	10.542911	6.462420	9.650376	5.462816	8.743671	4.463212	7.836966	3.496867	6.840495	2.515470	5.847245	1.546650	4.851426	0.547187	4.031461	-0.452284	3.206183	-1.451762	2.375731	-2.066853	1.401472	-2.807201	0.665378	-2.118747	-0.324398	
15.000000	15.000000	15.998838	15.999904	16.997590	16.999426	17.997381	17.998430	18.992423	18.699038	19.987465	19.399645	20.982506	20.100252	21.977548	20.800860	22.972589	21.501467	23.967631	22.202074	23.422076	21.312445	24.417118	22.013052	25.412160	22.713659	26.401304	23.385967	27.335994	24.377067	28.264299	25.357227	29.259340	26.057834	30.254382	26.758442	31.249424	27.459049	30.911242	26.653941	31.906283	27.354548	
15.000000	15.000000	15.157303	14.002495	14.571483	13.005632	15.113886	13.677453	15.690437	14.543402	16.265691	13.559921	15.834867	12.560128	16.398865	11.560584	15.861277	10.560625	15.974895	9.560662	15.488837	8.560693	15.643314	7.560734	14.644908	6.560960	15.564249	5.561440	14.614653	4.672521	15.583415	3.673718	16.555594	2.693180	17.523127	1.693686	17.532687	0.693738	16.576396	1.079657	15.602375	2.077886	
15.000000	15.000000	14.187795	14.935509	15.187596	15.730249	16.187393	15.034356	17.161758	14.055382	18.129265	13.143664	18.946410	12.158428	19.904842	11.341480	20.863393	10.524828	21.755870	9.594991	22.648347	8.665154	23.642405	7.695882	24.636423	6.726713	25.636379	5.952667	26.566916	4.971546	27.566187	4.539646	28.564852	4.125540	29.457329	3.195703	30.349806	2.265866	29.551121	2.077938	28.613237	3.077683	
15.000000	15.000000	14.000010	14.284230	13.075520	13.769779	12.075531	12.769792	11.081152	12.044213	10.093040	11.424476	9.099460	10.715683	8.105080	9.990103	7.120178	9.407106	6.129733	8.754016	5.135354	8.028436	4.135878	7.106345	3.303313	8.055233	4.106512	7.737858	3.106812	6.754103	2.107112	5.770228	1.107427	4.787924	0.107918	3.815579	-0.891685	2.844175	0.100333	3.844001	-0.885876	4.827216	
15.000000	15.000000	15.989996	14.005704	16.915460	13.023915	17.909353	12.082546	18.901477	11.112010	19.892960	10.136152	20.854348	9.200389	21.815735	8.264626	22.777123	7.328864	23.738511	6.393101	22.785619	7.034374	23.767940	6.038585	24.746164	5.227610	23.746593	4.267282	22.768698	3.644228	21.816967	4.223862	22.778354	3.288099	23.768807	2.299062	22.830697	1.838481	23.792084	0.902718	24.753472	-0.033045	
15.000000	15.000000	15.808011	15.373475	16.435656	14.582785	17.433767	13.703387	18.194252	13.651165	17.257947	14.609627	18.174866	15.217806	17.284007	16.213118	16.393148	17.208430	15.502289	18.203743	14.611430	19.199055	13.720571	20.194367	12.829712	21.189679	11.938853	22.184992	11.047994	23.180304	10.157135	24.175616	9.266276	25.170928	8.375417	26.166241	7.484558	27.161553	6.593699	28.156865	5.702840	29.152177	

15.000000	15.000000	15.990379	15.999885	14.990783	16.990400	13.997894	17.929833	13.414814	18.339051	12.531978	17.340593	11.649142	16.342134	10.766306	15.343676	9.883469	14.345218	9.000633	13.346759	8.117797	12.348301	7.234961	11.349843	6.352124	10.351384	5.469288	9.352926	4.586452	8.354468	3.703616	7.356009	4.680666	6.461448	5.680568	5.660411	6.677583	4.679273	7.671469	3.694225	8.621175	2.706133	
15.000000	15.000000	14.000714	15.969654	13.001381	14.997539	12.190631	13.997570	12.396840	12.997570	11.398422	12.007691	11.971098	11.007692	10.971918	10.045966	10.865629	9.045967	11.817279	8.045968	10.938545	7.046185	11.934701	6.046187	10.979463	5.181172	11.978091	4.181175	12.948375	3.181240	12.726025	2.203364	13.725836	1.203378	14.270687	0.979327	15.269129	1.535879	15.780581	1.291909	16.325515	1.067895	
15.000000	15.000000	15.930390	14.005296	16.710763	13.005313	17.694097	12.027966	18.534896	11.028249	19.375660	10.028496	20.372756	9.030949	21.369852	8.033401	22.366948	7.035854	23.364043	6.038307	22.372417	7.038224	23.369513	6.040677	22.377834	7.040595	23.367092	7.390748	24.367089	8.327648	25.206541	7.328129	26.124612	8.131226	26.965324	7.131488	27.831006	7.901725	28.828102	6.904178	29.825198	5.906630	
15.000000	15.000000	14.639948	14.756110	13.746421	15.664299	14.695920	15.552647	15.695008	14.625942	16.636415	13.962616	17.104610	13.133811	18.035280	12.325349	18.965951	11.516888	19.896621	10.708426	20.827291	9.899965	21.757961	9.091503	22.688632	8.283042	22.699197	8.042585	23.617469	7.393925	24.569857	6.588476	25.343750	5.894862	26.281014	4.940706	25.291234	5.479124	24.457423	5.479383	25.421391	4.611389	
15.000000	15.000000	15.623470	15.736090	16.547990	16.734424	17.413960	17.730888	18.354489	18.710465	19.295019	19.690042	20.235549	20.669618	21.176079	21.649195	22.116609	22.628772	23.057138	23.608349	22.057831	24.584403	23.057759	24.311924	24.057629	23.865445	25.056923	23.324439	24.056966	24.294116	25.054456	23.741807	24.054465	24.697256	25.049412	24.158048	24.049415	25.093722	25.044362	24.554515	24.044366	25.490188	
15.000000	15.000000	15.999582	15.894909	15.785808	15.005704	14.786261	14.006318	13.786422	13.006641	12.786640	12.006993	11.786657	11.007285	11.464822	10.035575	10.464939	9.036788	9.465053	8.038001	8.465064	7.039146	9.037859	6.050892	8.038910	5.051776	7.038911	4.052530	6.039127	3.059317	5.040333	2.059396	4.044842	1.059447	3.044847	0.059496	2.050295	-0.937652	2.842327	-1.935268	1.842337	-2.935062	
15.000000	15.000000	15.402041	15.355951	14.402284	14.400024	13.403560	13.428624	12.434944	12.457599	11.455202	11.675909	10.470981	10.885125	10.240717	9.966792	9.623116	9.121291	9.199155	8.232504	8.660641	7.272606	9.624127	6.609199	10.304675	6.018091	11.229196	5.085925	12.224533	5.115124	11.360729	4.441355	11.583585	3.517075	12.564519	2.764732	13.529919	2.092369	12.529934	1.449643	11.530691	1.777921	
15.000000	15.000000	14.200926	15.994184	13.284180	16.656488	12.284756	15.657119	13.261309	14.657684	12.261372	13.661017	13.209590	12.662193	12.212865	11.663147	12.593156	10.736287	11.614951	9.737887	12.612155	8.739029	12.095690	7.742839	12.968127	6.760089	12.123616	6.376969	11.301262	5.685364	12.293840	4.686316	11.418558	4.213927	12.415572	3.215072	13.176578	2.216002	12.452574	1.837544	13.449588	0.838690	
15.000000	15.000000	15.956064	14.001544	16.860611	14.109074	15.968971	13.109076	15.929387	12.109088	16.387163	11.109811	16.036503	10.325970	16.362423	9.326072	16.688343	8.326173	17.014262	7.326274	17.340182	6.326376	17.028396	5.326376	16.374116	4.390695	15.683976	5.032765	16.380608	4.487434	17.082123	3.787599	17.755030	2.970606	18.080950	1.970707	18.406870	0.970808	18.732789	-0.029090	19.058709	-1.028989	
15.000000	15.000000	14.009753	15.999872	13.147598	16.878595	12.147608	16.050945	11.148290	15.051835	10.149677	14.052576	9.151061	13.053317	8.247304	12.053530	7.338648	11.053747	6.339691	10.054859	5.353782	9.055314	4.367872	8.055769	3.381963	7.056224	4.374477	6.063869	4.050856	5.181135	3.158270	4.457260	3.131169	3.765889	3.614469	2.807651	2.703676	2.180440	1.717767	1.180895	0.718896	2.156723	

